"V1"	"V2"	"V3"	"V4"	"V5"	"V6"	"V7"	"V8"
"A"	0.0699376243966801	0.070103063749609	0.0697317873811548	0.069631069983395	0.0695635706362174	0.0695050734710862	0.0694393026965315	0.06936459484724
"C"	0.0220913922113546	0.0221525408904772	0.0221927626930866	0.0222195215589121	0.0222462859366392	0.0222694164057779	0.0222913062080568	0.0223239108617719
"D"	0.0478588724556654	0.0479605161388577	0.0479181086205957	0.0478996912530677	0.0479125044334868	0.0479082629642949	0.0479124829241778	0.0479120020009756
"E"	0.0708595379700296	0.0710176140227022	0.0709513392089691	0.0709353995142027	0.0709374405229344	0.0709300250769514	0.0709228102427225	0.0709009225936354
"F"	0.0358353316457884	0.0359202658509728	0.03595107306562	0.0359759323823282	0.0359791209768211	0.0359875126882717	0.0359918958573986	0.0360227644426433
"G"	0.0657841802720657	0.0659428035873727	0.0659252974229354	0.0659127438809432	0.0659062356720794	0.0658543860259848	0.0658225174931039	0.0657650603705695
"H"	0.0260034732653945	0.0260772569719024	0.0261256552566945	0.0261476239551809	0.0261657174493492	0.0261939281212736	0.0262231277112726	0.0262537615851744
"I"	0.0429387918041313	0.0430375044484548	0.0430873074481775	0.0431251745468842	0.043150292322099	0.0431734692651355	0.0431953625203102	0.0432292664406663
"K"	0.056566325088834	0.0567202452367363	0.0567627396668348	0.0568116324093307	0.056843030348154	0.0568547720888869	0.0568950023944658	0.0569403845452631
"L"	0.0991907211493162	0.0994266913233638	0.0995292297869288	0.0995258023396086	0.0994910569824821	0.0994722513108031	0.0994299408038162	0.099397853179776
"M"	0.022033189136489	0.0196032221967756	0.0196045857263007	0.0196034707735579	0.0195991397022506	0.019602902363829	0.019605961400228	0.0196182413028112
"N"	0.0355145331508233	0.0355978380489088	0.035600358486213	0.0356014734389557	0.0355998717721439	0.0355994676469666	0.0356205337596145	0.035637195897108
"P"	0.06344515194617	0.063614245527615	0.0636544277478207	0.0636483574495547	0.0636190953791515	0.0636231167148388	0.0636010346272754	0.0635816860846012
"Q"	0.0477663836802048	0.0478887462208265	0.0479538284029091	0.047975177683205	0.0479951761351161	0.047995600972421	0.0480153064117217	0.0480374552773316
"R"	0.0566112269641916	0.0567686424426813	0.0568125821838893	0.0567985420382402	0.0567787760186159	0.0567540133466517	0.0567364725275256	0.0567024858207446
"S"	0.084076840781709	0.0843028122327985	0.0842436406295882	0.0842058561199735	0.0842078178275785	0.0842350105162808	0.0842422096858321	0.0842565346889665
"T"	0.0548480331760005	0.0549893431169469	0.055000247147858	0.0549805909439491	0.0549850643784197	0.0550223669954664	0.0550350948125468	0.0550210898189711
"V"	0.0600623512315568	0.0601900193233691	0.0602217360202373	0.060230490463995	0.0602210076392038	0.0601887302090112	0.0601645828254961	0.0601652522752653
"W"	0.0124308384097168	0.0124733061741868	0.0124803267620909	0.0124891637949407	0.0124943700034361	0.0124974701916204	0.0125030057287549	0.0125013487878996
"Y"	0.0261452012638783	0.0262133224954425	0.0262529663420957	0.0262822854697748	0.0263044258638212	0.0263322236244481	0.026352049369149	0.0263681891785854
