"V1"	"V2"	"V3"	"V4"	"V5"	"V6"	"V7"	"V8"	"V9"	"V10"
"A"	0.0699573938754418	0.0701194946351861	0.0697516191220672	0.0696611347389737	0.0695958080374421	0.0695356270625404	0.0694726896732286	0.0694189664065189	0.0693627637220948	0.0692769954354567
"C"	0.0220712284170936	0.0221353956238381	0.0221786030440974	0.0221936006851886	0.0222091042441926	0.0222303806852206	0.0222487859277337	0.0222706452081289	0.0222940196908398	0.0223196441626305
"D"	0.0478795992254006	0.0479892505554424	0.0479517376740578	0.0479335826348421	0.047949136293456	0.0479496883272336	0.0479500642219333	0.0479513441775433	0.0479645413492389	0.0479574303335795
"E"	0.070887139214071	0.0710520487503912	0.0709851231709317	0.0709729090255555	0.0709647898476655	0.070967300221126	0.0709800989487644	0.070979520608285	0.0709846047247596	0.0709679317038066
"F"	0.0358418241028375	0.0359293611964843	0.035956366752066	0.0359709074013234	0.0359767771628974	0.0359859675175001	0.0359899988521189	0.0360039625604921	0.0360054269646625	0.0360224971257906
"G"	0.0657825995907408	0.0659382687978494	0.0659255588553136	0.0659130538969522	0.0659122033644249	0.065864983429051	0.0658271804537658	0.065809662906084	0.0657872603097185	0.0657212557140921
"H"	0.0259855759810191	0.0260607891342967	0.0261086912701099	0.0261340750892422	0.0261596753263047	0.0261839439731009	0.0262070854800019	0.0262314192659458	0.0262580536902575	0.0262936206696633
"I"	0.0429400465944877	0.0430425634282828	0.0431033451303698	0.0431450560213826	0.0431675876024555	0.0431919851229961	0.0432158751417766	0.0432402677241804	0.0432551866984609	0.0432747321292473
"K"	0.056544948794396	0.0566949446277559	0.0567337081995801	0.0567667777904628	0.0567938838186782	0.0568181601016151	0.0568540155710509	0.0568826431084455	0.0569279154033641	0.0569854787041365
"L"	0.0991981175025724	0.0994456564652107	0.0995454509952701	0.0995436230279348	0.0995146163485809	0.0994943257783676	0.0994568981028471	0.0993856120168033	0.0993013886021694	0.0992529028860997
"M"	0.0220532751725787	0.0196000050352189	0.0196029970687713	0.0196053235726525	0.0195997630953546	0.0196019283072456	0.019606914490169	0.0196143420759903	0.0196114885237445	0.019624972844937
"N"	0.0355257721941894	0.0356104224544507	0.0356097176737687	0.035614619949804	0.0356173321937892	0.0356190028615183	0.0356328387390723	0.0356418980324088	0.0356610173660127	0.03568265636819
"P"	0.0634266518325213	0.0636003817626532	0.0636371930198901	0.0636256435899085	0.0635983283066985	0.0636151697779658	0.0636045785126377	0.0635845551539771	0.0635661299873283	0.0635627683594295
"Q"	0.0477609083311075	0.0478844747957174	0.0479430963739277	0.0479676492988167	0.0479877313438838	0.0479955537161393	0.0480226428793129	0.0480336447891478	0.0480489611688356	0.0480740896058707
"R"	0.0565744552842238	0.0567348690944869	0.0567773301473524	0.0567612938884571	0.0567461489285366	0.056726844771167	0.056696685648042	0.0566694342549603	0.0566555867038286	0.0566326342598453
"S"	0.0840471999109984	0.0842779319525063	0.0842204375721736	0.0841868279000328	0.0841813304316281	0.0841814345048478	0.0841873373549471	0.0842084403203201	0.0842413830193272	0.0842775997122072
"T"	0.0548684814709426	0.0549973862145428	0.0550057389865383	0.0549937325647229	0.0549893471013663	0.0550007025214913	0.055016117904299	0.0550402892860266	0.0550510700440632	0.055038207781215
"V"	0.0600961587412581	0.0602227552593215	0.0602520467833342	0.0602593171079629	0.0602593371356174	0.0602311017356643	0.0602038508897865	0.0601879204222466	0.0601561425992007	0.0601420509439576
"W"	0.0124088504009745	0.0124502434582349	0.0124587606414703	0.0124663633237963	0.0124698987687971	0.0124723114718561	0.0124743892269177	0.0124777033268599	0.0124798417560453	0.0124786784199499
"Y"	0.0261497733631451	0.02621375675813	0.0262524775189099	0.0262845084919884	0.0263072006482307	0.026333588113353	0.0263519519815947	0.026367728355635	0.0263872176760478	0.0264138528398951
