"V1"	"V2"	"V3"	"V4"	"V5"	"V6"	"V7"	"V8"	"V9"	"V10"	"V11"
"A"	0.069959428060329	0.070131470932631	0.0697603937043967	0.0696658042089785	0.0696104471050986	0.0695501728229346	0.0694907087488405	0.0694315455351258	0.069382902355939	0.0693107525039662	0.0692459188108102
"C"	0.0220638137156424	0.0221274122103368	0.0221669993374365	0.0221887523466312	0.0222000524967173	0.0222138112250253	0.0222280626008769	0.0222520614328813	0.0222698728480595	0.0222901152462228	0.0223040181795217
"D"	0.0478945305477139	0.0479993916083625	0.0479632631460515	0.0479502638982179	0.0479663230933343	0.0479670058146864	0.047969381043995	0.0479738999555245	0.0479806668677166	0.047981456525668	0.0479793588486547
"E"	0.0708988299286199	0.0710642269884197	0.0710020960342033	0.0709891810877368	0.0709824124329295	0.0709876449322212	0.0709878949563589	0.0710094594409328	0.0710128737948723	0.071018616357747	0.0710022135581237
"F"	0.0358462513942944	0.0359319018072565	0.0359606545627289	0.0359761575474382	0.0359772529782136	0.0359805152855799	0.0359930581631568	0.0359994894469663	0.0360080130504394	0.0360015316768449	0.0360167521832107
"G"	0.0657803486183027	0.0659427778495439	0.065920567387708	0.0659135277928105	0.0659121329631255	0.0658653587515095	0.0658321888825684	0.0658157116070432	0.0657863390183076	0.0657670516875094	0.0656954497564311
"H"	0.025980822712783	0.0260522050029795	0.0260999179087996	0.0261268799146118	0.0261497241547114	0.026180110804864	0.026204738182432	0.0262236406473389	0.0262498534734227	0.0262794091767845	0.0263193348566
"I"	0.0429429122866853	0.0430455835350888	0.0431028806927331	0.0431516788338749	0.043176778965943	0.0432028792112972	0.0432226311181792	0.0432523678397094	0.0432637716334797	0.0432772050472994	0.0432970452151511
"K"	0.0565296412427767	0.0566880159348604	0.056720394037762	0.0567550663919903	0.0567763373567899	0.0567906910012937	0.0568324867029871	0.0568679904958461	0.0569021091617896	0.0569530757071994	0.057017030091664
"L"	0.0992013124948077	0.0994457802206045	0.099554790667439	0.0995539197320543	0.0995203246845707	0.0995067732163976	0.0994683945112534	0.0993961581092569	0.0993179122714076	0.0992234145033995	0.0991656453978981
"M"	0.0220662314165814	0.0196004200402539	0.0196020451959979	0.0196028377554031	0.019600677415173	0.019602892495913	0.0196065595166	0.0196137457111691	0.0196129964834038	0.019619598579486	0.0196324882607744
"N"	0.0355378694710775	0.035615163119799	0.0356172466528042	0.0356199150593563	0.0356216771021845	0.0356278979099774	0.035641482554795	0.0356530367925302	0.0356624332692026	0.0356862452744023	0.0357129239432197
"P"	0.0634105014841141	0.0635883022122953	0.0636319313934252	0.0636178076906457	0.0635894928391236	0.0636010151480041	0.0635973897980067	0.0635835630759478	0.0635705112976419	0.0635609219714493	0.0635392735400524
"Q"	0.0477504272348508	0.0478813386282852	0.0479418444267576	0.0479650986538334	0.0479794910268659	0.0479961336267339	0.0480141770353413	0.0480419486907536	0.0480480076281747	0.0480717169469858	0.0480974147262977
"R"	0.0565534847761749	0.0567162269717515	0.0567603562008026	0.0567444403732208	0.0567268742646949	0.0567085997427335	0.0566823888789597	0.0566558851300679	0.0566282872948529	0.0566263296483106	0.0566047304610959
"S"	0.0840382008420019	0.0842632002233547	0.0842079449280556	0.0841734867997136	0.0841711813024011	0.0841722511294111	0.0841695008638959	0.084172368404768	0.0842215389338982	0.0842492272753658	0.0842756030090455
"T"	0.0548819780528612	0.0550096050871542	0.0550153139675886	0.0549921473721293	0.0549961660894792	0.0550071438146758	0.0550141861612223	0.0550203819088374	0.0550519467709626	0.0550570234588335	0.0550482097615834
"V"	0.060112882456841	0.0602403563674852	0.0602693174762581	0.0602755705869967	0.0602741738778118	0.0602451911711643	0.0602275227987635	0.0602059622276597	0.0601774704068403	0.0601433190473783	0.0601390725741945
"W"	0.0124014302285065	0.0124401088437642	0.0124471511853219	0.0124546940937962	0.0124598237388755	0.0124595778684134	0.0124628281822041	0.0124639196896578	0.0124646247442374	0.0124699397584613	0.0124703761215256
"Y"	0.0261491030350359	0.0262165124157732	0.0262548910937298	0.0262827698605604	0.0263086561119568	0.0263343340271642	0.0263544192995632	0.0263668638579832	0.0263878686953515	0.0264130496066858	0.0264371407041456
