"V1"	"V2"	"V3"	"V4"	"V5"	"V6"	"V7"	"V8"	"V9"	"V10"	"V11"	"V12"
"A"	0.0699579968873235	0.070135338184961	0.0697706991285152	0.0696745236965021	0.0696147827510607	0.0695650254873446	0.069505425494075	0.0694491907978332	0.069395407883155	0.0693310068985085	0.0692799519951835	0.0692053697630816
"C"	0.0220530661887591	0.0221202657685389	0.0221592625864738	0.0221771100047569	0.0221953846724218	0.0222047964784635	0.0222112759827478	0.0222313248177623	0.0222511055457583	0.0222658438040386	0.0222742883731522	0.0223031222297906
"D"	0.0479020039146153	0.0480151978081197	0.0479731079949788	0.0479617391477352	0.0479835355616645	0.0479839695789482	0.0479868555958806	0.047993379254999	0.0480036685239036	0.0479973476502926	0.0480036461724677	0.0480030583279246
"E"	0.0709194036033811	0.0710773224141129	0.0710136234317626	0.0710063507133053	0.0709987314952603	0.0710056517842353	0.0710080371962227	0.0710176051628436	0.0710427911277463	0.0710470340233988	0.0710530053461201	0.0710213564650732
"F"	0.0358430268766152	0.0359365917591991	0.0359634673797052	0.0359806878395006	0.035982458362938	0.03598084030139	0.0359876547596009	0.0360024326222163	0.0360038485895423	0.0360042595759894	0.0359955870746463	0.0360250113441696
"G"	0.0657795528768886	0.0659412784828808	0.0659250193594332	0.0659085512498229	0.0659130511035331	0.0658649226953334	0.0658326997564473	0.0658208219086471	0.0657921306049349	0.0657659506194647	0.0657412854379733	0.0656632217842832
"H"	0.0259755838484508	0.0260476173299518	0.0260915880185558	0.0261179620722717	0.0261423825828519	0.0261701029102975	0.0262008249944305	0.0262214522169464	0.0262420171631645	0.0262712446394268	0.0263051748379658	0.0263410446935202
"I"	0.0429516833544222	0.0430487670464266	0.0431065308217599	0.0431509612799215	0.0431832467928239	0.0432123939253361	0.0432336705397406	0.0432594629840166	0.043276025953026	0.043285932586028	0.0432995520113344	0.0433109860716671
"K"	0.0565236404492747	0.0566733273343159	0.0567137870553887	0.0567416658094751	0.0567645944189219	0.0567729728525517	0.0568050755255693	0.0568465776098442	0.0568870738911553	0.0569270420336152	0.0569847785507819	0.0570489676889293
"L"	0.0991996625668974	0.099450077991546	0.099555448814712	0.099563432086122	0.0995308300486616	0.0995126397225063	0.099480961554457	0.099407602153414	0.0993282690638748	0.0992393262005178	0.0991357895786646	0.0990683318603468
"M"	0.0220783619643186	0.0196003106203131	0.0196023586847063	0.0196018153206836	0.0195980617612049	0.0196037109450023	0.0196075989100945	0.0196133301009831	0.0196124835310788	0.0196210177815186	0.0196271434199904	0.0196421328309463
"N"	0.0355437005010278	0.035627960994321	0.0356218168011416	0.0356275848192284	0.0356268473600794	0.0356322929172321	0.0356503926226154	0.0356618237143048	0.0356737282519434	0.0356877632323121	0.0357164562540811	0.0357439150275721
"P"	0.0633925515104568	0.0635726711135857	0.0636202363641858	0.0636127128623334	0.0635812661214605	0.0635919874812179	0.0635828783352651	0.0635762472413562	0.0635693983546398	0.0635652309957258	0.0635375814664492	0.0635300246813016
"Q"	0.0477532814788053	0.0478712063421114	0.047938917858783	0.0479638708065934	0.0479771405824171	0.0479877313327045	0.0480150687502325	0.0480332959941149	0.0480567101430999	0.0480704945865624	0.0480953104266605	0.0481103974120915
"R"	0.0565363092426541	0.056695730650943	0.0567420001873352	0.0567268695891654	0.0567098400214437	0.0566895455136886	0.0566638843620128	0.0566413930314987	0.0566144257571775	0.0565991765661292	0.0565984344096492	0.0565811147414683
"S"	0.0840337371222029	0.0842558226366204	0.0841924162348978	0.0841611519049778	0.0841578850992762	0.0841618003853791	0.084160424593344	0.084154266702334	0.0841853674599238	0.0842297838691946	0.0842468479492746	0.0842820386266884
"T"	0.0548915402856968	0.0550238831476443	0.0550278956819655	0.0550016052227147	0.0549945226793759	0.0550142275796655	0.0550205412662314	0.0550184745536013	0.0550322055420007	0.0550582423075442	0.0550670185660032	0.0550806246934065
"V"	0.0601219540698122	0.0602575236167948	0.0602870742601817	0.0602930512644311	0.0602904850357695	0.0602599095983697	0.0602413541310955	0.0602298869792015	0.0601955919112408	0.0601646508276659	0.0601401940607081	0.0601271917988927
"W"	0.0123933830097767	0.0124328375944706	0.0124368919260244	0.0124430361192039	0.0124481823817987	0.0124496076511731	0.012449984346924	0.0124522253059587	0.0124506527985473	0.0124546243430412	0.0124615735337502	0.012461072862506
"Y"	0.0261495602486211	0.0262162691631429	0.0262578574094936	0.0262853181912549	0.0263067711670365	0.0263358708591607	0.026355391283013	0.0263692068481241	0.026387097904087	0.0264140274590255	0.0264363805351437	0.0264510170963407
