"V1"	"V2"	"V3"	"V4"	"V5"	"V6"	"V7"	"V8"	"V9"
"A"	0.0699468436074254	0.0701090318014633	0.0697470269523379	0.0696458838597273	0.0695813698499411	0.0695178498722835	0.0694599513869433	0.06939859129687	0.0693287691074597
"C"	0.0220793246099037	0.022147406966307	0.0221835246125813	0.0222028683542389	0.0222256959234597	0.022251008664512	0.0222673711489743	0.0222946014734833	0.0223234169001251
"D"	0.0478700464069664	0.0479774055957417	0.0479348265356844	0.0479168939551898	0.0479316925645177	0.0479305033154112	0.047927732189806	0.0479357354425153	0.0479405667609779
"E"	0.0708760601912918	0.0710343808099656	0.0709688554471147	0.0709551071720785	0.0709450599080922	0.0709594500505523	0.0709504265115617	0.0709513681264856	0.0709341123764312
"F"	0.0358394117185203	0.0359250464403761	0.0359514719659759	0.0359705263426466	0.0359820498559519	0.0359831771202872	0.0359942804855076	0.0360015671494072	0.036026656534865
"G"	0.0657788968354969	0.0659433666194169	0.0659249350224076	0.0659133403431392	0.0659114928537571	0.0658601078311135	0.0658214690381285	0.0658106657696853	0.0657414121611359
"H"	0.0259943647055972	0.0260698164871505	0.0261157919313758	0.0261439167319228	0.0261634731533978	0.0261861774545412	0.0262149246490995	0.0262396047847678	0.026272243238789
"I"	0.0429374132627261	0.0430437433985371	0.0430966772883749	0.0431357789122806	0.043156913491088	0.0431853378844906	0.0432038559090577	0.0432317606295669	0.0432525651300372
"K"	0.0565524850753365	0.0567083081314034	0.0567454198413367	0.0567842320953181	0.056821109411814	0.0568397622364125	0.0568691332604463	0.0569082001105156	0.0569602366686364
"L"	0.099198707623682	0.0994366848341465	0.0995349728784227	0.0995380006115149	0.0995023218848645	0.0994827552642947	0.099446355901188	0.0993689361546496	0.0993301487964088
"M"	0.0220418692305923	0.0196007815494164	0.0196055033517963	0.0196043858421803	0.0195987991044809	0.0196023246191181	0.0196074208223662	0.0196128938836978	0.0196168490712656
"N"	0.0355217453543832	0.035602886976246	0.0356046265876491	0.0356102610900024	0.0356085303278141	0.0356103202087866	0.0356218791559135	0.0356405959293133	0.0356576487639979
"P"	0.0634391786167902	0.0636059087640918	0.0636455056331724	0.0636345735686249	0.0636123472020165	0.0636220965559403	0.0636055340883693	0.0635800997208365	0.0635676668672897
"Q"	0.0477644338385321	0.0478861174163971	0.0479455127200179	0.0479758750680623	0.0479868631135839	0.0480040640657805	0.0480141329431742	0.0480349766408337	0.0480512815181367
"R"	0.0565935036876354	0.0567520883517153	0.0567937561867519	0.0567804215178011	0.0567645720248205	0.0567409356877744	0.0567099172988225	0.0566964220441541	0.0566619322612075
"S"	0.0840634611795088	0.0842900954437796	0.0842335994924974	0.0841971125597381	0.0841902578750988	0.0841993910528424	0.0842229242156874	0.0842280262859947	0.0842702909644291
"T"	0.0548568833685479	0.0549879152923564	0.0550071752757481	0.0549867992482559	0.0549831265928839	0.0550026073475426	0.05503599589584	0.0550394750919296	0.0550326484274632
"V"	0.0600788841777332	0.0602057554380563	0.06023624005693	0.0602446506740042	0.060244997000412	0.0602070304361747	0.0601858701384251	0.0601666746813461	0.060154769538307
"W"	0.0124191928158594	0.0124618305442047	0.0124703215046247	0.0124764106613	0.0124826680808883	0.0124838309245915	0.0124880981512558	0.0124927935192018	0.0124884837806609
"Y"	0.0261472936934712	0.0262114291392283	0.0262542567152003	0.0262829613919741	0.0263066597811171	0.0263312694075502	0.0263527268094331	0.0263670112647458	0.0263883011323763
